245	1
580	1
58	2
85	2
89	2
148	2
149	2
216	2
226	2
241	2
245	2
294	2
329	2
369	2
429	2
470	2
528	2
580	2
626	2
652	2
663	2
751	2
767	2
774	2
801	2
831	2
927	2
949	2
951	2
957	2
974	2
1148	2
148	3
208	3
210	3
211	3
217	3
241	3
245	3
294	3
309	3
312	3
333	3
401	3
402	3
434	3
491	3
505	3
530	3
536	3
545	3
570	3
747	3
748	3
774	3
835	3
964	3
1011	3
1012	3
1066	3
1128	3
1141	3
1151	3
1152	3
1223	3
1246	3
70	4
130	4
217	4
245	4
269	4
350	4
372	4
383	4
388	4
467	4
471	4
473	4
570	4
594	4
672	4
675	4
676	4
751	4
767	4
856	4
912	4
928	4
1005	4
1026	4
1059	4
1081	4
1083	4
1088	4
1093	4
1128	4
1177	4
1178	4
1267	4
1279	4
1280	4
1342	4
1347	4
254	5
1046	5
1232	5
751	6
40	7
56	7
245	7
329	7
429	7
509	7
545	7
626	7
831	7
1089	7
1282	7
1371	7
74	8
116	8
177	8
434	8
600	8
626	8
1075	8
1128	8
1148	8
67	9
1075	9
1214	9
1218	9
1223	9
1250	9
47	10
148	10
216	10
226	10
245	10
537	10
545	10
577	10
600	10
751	10
1039	10
1066	10
1186	10
307	11
537	11
543	11
580	11
751	11
985	11
1222	11
14	12
17	12
18	12
64	12
67	12
68	12
77	12
82	12
103	12
116	12
118	12
178	12
184	12
208	12
226	12
227	12
228	12
232	12
234	12
245	12
254	12
414	12
434	12
435	12
436	12
437	12
485	12
491	12
505	12
506	12
507	12
513	12
514	12
541	12
545	12
550	12
565	12
574	12
576	12
581	12
584	12
587	12
591	12
660	12
661	12
690	12
692	12
720	12
732	12
756	12
757	12
761	12
789	12
801	12
803	12
856	12
1046	12
1148	12
1151	12
1152	12
1156	12
1223	12
1236	12
1242	12
1243	12
1245	12
1246	12
1300	12
1329	12
1334	12
29	13
189	13
217	13
305	13
482	13
647	13
827	13
979	13
1011	13
1112	13
1316	13
29	14
47	14
56	14
67	14
70	14
116	14
177	14
226	14
241	14
245	14
267	14
309	14
310	14
333	14
360	14
363	14
388	14
434	14
441	14
460	14
482	14
491	14
505	14
537	14
545	14
556	14
558	14
574	14
581	14
600	14
640	14
663	14
666	14
691	14
731	14
733	14
751	14
774	14
795	14
803	14
846	14
873	14
878	14
891	14
941	14
964	14
974	14
1011	14
1066	14
1133	14
1148	14
1223	14
1253	14
1257	14
1302	14
1312	14
1347	14
63	15
143	15
226	15
241	15
308	15
460	15
482	15
491	15
513	15
545	15
666	15
774	15
813	15
930	15
948	15
964	15
994	15
1133	15
1148	15
1163	15
1223	15
74	16
231	16
233	16
234	16
333	16
779	16
795	16
820	16
854	16
974	16
1039	16
1236	16
1245	16
68	17
226	17
227	17
600	17
602	17
40	18
67	18
177	18
232	18
388	18
470	18
731	18
814	18
953	18
1059	18
1062	18
387	19
16	20
67	20
177	20
227	20
245	20
388	20
434	20
505	20
545	20
600	20
682	20
748	20
751	20
774	20
949	20
1039	20
1128	20
185	21
507	21
517	21
564	21
619	21
692	21
751	21
965	21
967	21
1013	21
1019	21
1245	21
1313	21
14	22
49	22
56	22
67	22
96	22
120	22
149	22
174	22
189	22
216	22
217	22
222	22
241	22
267	22
294	22
296	22
350	22
372	22
388	22
419	22
429	22
434	22
446	22
463	22
491	22
505	22
513	22
537	22
543	22
574	22
600	22
610	22
643	22
648	22
652	22
663	22
674	22
676	22
686	22
691	22
747	22
751	22
772	22
804	22
815	22
833	22
878	22
930	22
949	22
962	22
964	22
974	22
1011	22
1066	22
1128	22
1133	22
1186	22
1191	22
1223	22
1257	22
1312	22
1375	22
116	23
120	23
177	23
211	23
388	23
505	23
520	23
576	23
580	23
600	23
730	23
751	23
839	23
846	23
856	23
930	23
944	23
964	23
1030	23
1148	23
1208	23
8	24
11	24
16	24
18	24
29	24
49	24
67	24
68	24
74	24
75	24
77	24
80	24
81	24
82	24
116	24
118	24
120	24
121	24
149	24
180	24
182	24
184	24
185	24
186	24
187	24
189	24
190	24
191	24
197	24
209	24
210	24
211	24
226	24
227	24
230	24
231	24
234	24
237	24
245	24
297	24
298	24
305	24
333	24
334	24
374	24
402	24
429	24
437	24
438	24
446	24
491	24
495	24
505	24
507	24
509	24
513	24
530	24
533	24
539	24
540	24
541	24
545	24
550	24
581	24
584	24
591	24
600	24
602	24
618	24
619	24
631	24
633	24
691	24
692	24
703	24
720	24
731	24
733	24
748	24
753	24
755	24
756	24
763	24
774	24
821	24
846	24
849	24
850	24
913	24
930	24
932	24
944	24
952	24
964	24
966	24
967	24
974	24
979	24
1011	24
1013	24
1017	24
1039	24
1046	24
1058	24
1083	24
1086	24
1094	24
1095	24
1128	24
1130	24
1132	24
1133	24
1135	24
1144	24
1148	24
1156	24
1223	24
1239	24
1242	24
1245	24
1257	24
1258	24
1260	24
1324	24
1332	24
1336	24
1348	24
8	25
147	25
148	25
189	25
216	25
245	25
247	25
369	25
388	25
441	25
442	25
537	25
545	25
580	25
600	25
751	25
773	25
857	25
949	25
964	25
1030	25
1128	25
1222	25
1223	25
89	26
116	26
143	26
269	26
316	26
491	26
751	26
801	26
814	26
948	26
1002	26
1039	26
1123	26
1128	26
1148	26
1192	26
177	27
580	27
631	27
964	27
1223	27
267	28
491	28
1031	28
177	29
226	29
245	29
434	29
537	29
545	29
964	29
1087	29
1123	29
1148	29
1223	29
174	30
177	30
537	30
545	30
731	30
1039	30
1059	30
16	31
177	31
226	31
227	31
372	31
387	31
408	31
491	31
600	31
652	31
682	31
748	31
767	31
953	31
1059	31
1083	31
1128	31
1148	31
1223	31
16	32
82	32
144	32
148	32
177	32
268	32
419	32
514	32
531	32
564	32
576	32
581	32
602	32
731	32
751	32
795	32
898	32
1046	32
1066	32
1085	32
1128	32
1131	32
1223	32
5	33
8	33
17	33
49	33
67	33
177	33
189	33
194	33
208	33
211	33
216	33
226	33
245	33
267	33
387	33
388	33
434	33
437	33
446	33
513	33
545	33
576	33
581	33
600	33
602	33
948	33
964	33
1017	33
1062	33
1066	33
1151	33
1214	33
1223	33
1257	33
1317	33
387	34
68	35
369	35
399	35
602	35
74	36
120	36
148	36
177	36
216	36
226	36
241	36
245	36
294	36
429	36
505	36
545	36
581	36
600	36
618	36
702	36
944	36
1039	36
1128	36
1148	36
1223	36
1257	36
1347	36
177	37
223	37
537	37
600	37
751	37
772	37
964	37
1128	37
16	38
70	38
174	38
179	38
182	38
194	38
210	38
226	38
332	38
491	38
513	38
580	38
600	38
602	38
631	38
747	38
751	38
774	38
890	38
913	38
914	38
932	38
964	38
976	38
1001	38
1005	38
1039	38
1059	38
1123	38
1259	38
1350	38
1376	38
8	39
11	39
13	39
14	39
17	39
19	39
37	39
57	39
58	39
68	39
79	39
80	39
87	39
114	39
149	39
179	39
180	39
181	39
182	39
183	39
184	39
185	39
186	39
187	39
189	39
190	39
191	39
192	39
197	39
200	39
201	39
207	39
208	39
209	39
211	39
216	39
217	39
223	39
231	39
233	39
234	39
267	39
269	39
306	39
308	39
315	39
323	39
327	39
351	39
362	39
367	39
372	39
394	39
420	39
427	39
429	39
432	39
433	39
435	39
440	39
441	39
459	39
475	39
482	39
485	39
492	39
495	39
496	39
497	39
506	39
530	39
533	39
537	39
540	39
542	39
562	39
564	39
574	39
576	39
591	39
592	39
598	39
600	39
602	39
618	39
626	39
652	39
660	39
666	39
689	39
692	39
703	39
705	39
719	39
743	39
745	39
747	39
760	39
761	39
772	39
801	39
811	39
833	39
848	39
850	39
913	39
918	39
931	39
948	39
951	39
965	39
968	39
974	39
975	39
976	39
985	39
1003	39
1007	39
1011	39
1013	39
1017	39
1045	39
1059	39
1078	39
1083	39
1126	39
1141	39
1143	39
1148	39
1152	39
1171	39
1186	39
1197	39
1198	39
1203	39
1222	39
1223	39
1243	39
1250	39
1251	39
1260	39
1312	39
1316	39
1333	39
1338	39
1347	39
1350	39
1354	39
1380	39
7	40
8	40
9	40
10	40
11	40
15	40
16	40
17	40
18	40
24	40
25	40
26	40
29	40
56	40
58	40
68	40
73	40
77	40
79	40
80	40
82	40
84	40
107	40
110	40
116	40
131	40
149	40
177	40
182	40
189	40
190	40
191	40
208	40
210	40
211	40
217	40
218	40
227	40
228	40
234	40
241	40
245	40
248	40
254	40
294	40
296	40
297	40
301	40
304	40
326	40
330	40
353	40
366	40
371	40
387	40
390	40
391	40
395	40
404	40
405	40
410	40
416	40
417	40
419	40
429	40
434	40
469	40
479	40
492	40
505	40
509	40
534	40
539	40
540	40
542	40
562	40
574	40
576	40
581	40
582	40
588	40
591	40
599	40
602	40
605	40
617	40
619	40
631	40
652	40
655	40
668	40
680	40
684	40
687	40
688	40
689	40
691	40
703	40
719	40
720	40
724	40
741	40
743	40
747	40
804	40
834	40
841	40
846	40
850	40
917	40
925	40
930	40
932	40
939	40
944	40
948	40
958	40
962	40
964	40
965	40
970	40
974	40
980	40
988	40
1002	40
1012	40
1031	40
1039	40
1046	40
1056	40
1059	40
1074	40
1083	40
1126	40
1128	40
1129	40
1132	40
1137	40
1149	40
1154	40
1162	40
1186	40
1192	40
1206	40
1223	40
1242	40
1245	40
1250	40
1257	40
1269	40
1283	40
1287	40
1290	40
1300	40
1301	40
1312	40
1317	40
1347	40
1365	40
74	41
174	41
226	41
401	41
434	41
580	41
600	41
731	41
773	41
944	41
948	41
949	41
964	41
1039	41
1059	41
1105	41
1123	41
1223	41
1261	41
1347	41
1354	41
581	42
631	42
1223	42
1347	42
47	43
29	44
36	44
74	44
120	44
185	44
188	44
226	44
230	44
241	44
242	44
297	44
298	44
315	44
317	44
388	44
419	44
423	44
432	44
433	44
434	44
492	44
513	44
514	44
581	44
609	44
631	44
633	44
761	44
785	44
795	44
821	44
846	44
848	44
851	44
859	44
880	44
944	44
964	44
974	44
975	44
1039	44
1095	44
1128	44
1132	44
1223	44
1232	44
1250	44
116	45
177	45
226	45
245	45
401	45
545	45
600	45
666	45
731	45
767	45
774	45
850	45
1223	45
388	46
666	46
731	46
774	46
1083	46
1223	46
1347	46
47	47
148	47
177	47
216	47
372	47
434	47
441	47
443	47
618	47
652	47
676	47
731	47
964	47
979	47
1005	47
1039	47
1066	47
1081	47
1128	47
1148	47
1223	47
1371	47
20	48
22	48
147	48
369	48
434	48
537	48
543	48
580	48
600	48
687	48
772	48
773	48
885	48
944	48
949	48
962	48
1039	48
1059	48
1128	48
1148	48
1208	48
1222	48
545	49
600	49
774	49
1039	49
1223	49
1255	49
1347	49
148	50
392	50
394	50
537	50
797	50
1066	50
8	51
49	51
148	51
216	51
240	51
245	51
247	51
256	51
388	51
441	51
523	51
551	51
561	51
576	51
577	51
584	51
602	51
731	51
797	51
798	51
805	51
1037	51
1042	51
1131	51
1185	51
226	52
296	53
384	53
930	53
986	53
1278	53
399	54
400	54
574	54
850	54
1005	54
29	55
219	55
748	55
850	55
930	55
981	55
177	56
245	56
372	56
505	56
545	56
564	56
631	56
774	56
846	56
949	56
1017	56
1058	56
1349	56
16	57
18	57
49	57
67	57
68	57
74	57
78	57
82	57
118	57
177	57
180	57
189	57
190	57
191	57
208	57
209	57
210	57
211	57
212	57
233	57
237	57
241	57
242	57
245	57
255	57
387	57
388	57
410	57
429	57
430	57
441	57
485	57
491	57
492	57
513	57
514	57
530	57
531	57
533	57
540	57
542	57
545	57
549	57
550	57
566	57
567	57
574	57
576	57
584	57
586	57
589	57
634	57
639	57
648	57
651	57
663	57
664	57
693	57
703	57
731	57
733	57
755	57
756	57
758	57
760	57
761	57
762	57
774	57
776	57
779	57
780	57
782	57
783	57
786	57
795	57
798	57
821	57
852	57
856	57
857	57
930	57
944	57
951	57
952	57
964	57
979	57
980	57
990	57
1043	57
1046	57
1058	57
1128	57
1130	57
1131	57
1132	57
1133	57
1135	57
1157	57
1197	57
1198	57
1223	57
1226	57
1228	57
1230	57
1231	57
1232	57
1235	57
1238	57
1242	57
1243	57
1245	57
1246	57
1251	57
1300	57
1317	57
1347	57
1348	57
1349	57
1350	57
1371	57
1373	57
67	58
148	58
213	58
226	58
230	58
245	58
369	58
434	58
441	58
552	58
602	58
680	58
719	58
990	58
1039	58
1066	58
1127	58
1129	58
1214	58
505	59
676	59
891	59
1011	59
1067	59
1128	59
1148	59
1184	59
1255	59
177	60
245	60
297	60
1128	60
1223	60
245	61
628	61
748	61
1128	61
1148	61
1347	61
67	62
177	62
428	62
434	62
530	62
574	62
580	62
681	62
974	62
1039	62
1312	62
885	63
16	64
116	64
177	64
184	64
189	64
226	64
245	64
257	64
388	64
395	64
419	64
436	64
515	64
537	64
545	64
600	64
602	64
619	64
846	64
850	64
1021	64
1128	64
1214	64
1223	64
1242	64
1347	64
40	65
116	65
126	65
128	65
177	65
241	65
245	65
388	65
482	65
491	65
530	65
545	65
558	65
600	65
631	65
748	65
801	65
878	65
930	65
948	65
964	65
974	65
1039	65
1083	65
1128	65
1148	65
1181	65
1202	65
1214	65
1223	65
1257	65
74	66
120	66
132	66
148	66
177	66
223	66
226	66
333	66
388	66
419	66
429	66
513	66
537	66
578	66
581	66
600	66
652	66
691	66
745	66
801	66
804	66
883	66
895	66
949	66
1002	66
1039	66
1083	66
1128	66
1148	66
1275	66
1312	66
16	67
965	67
7	68
14	68
16	68
18	68
29	68
49	68
70	68
92	68
103	68
120	68
148	68
189	68
216	68
217	68
245	68
247	68
294	68
329	68
333	68
360	68
367	68
399	68
419	68
429	68
434	68
445	68
470	68
482	68
491	68
505	68
513	68
530	68
537	68
562	68
574	68
582	68
600	68
602	68
618	68
643	68
671	68
702	68
721	68
747	68
748	68
774	68
843	68
846	68
850	68
913	68
941	68
949	68
951	68
964	68
978	68
979	68
985	68
1059	68
1066	68
1082	68
1094	68
1123	68
1126	68
1128	68
1141	68
1142	68
1148	68
1180	68
1192	68
1257	68
1316	68
1371	68
344	69
368	69
453	69
648	69
981	69
993	69
1115	69
873	70
953	70
294	71
419	71
491	71
505	71
564	71
600	71
602	71
751	71
846	71
964	71
1005	71
1151	71
1186	71
1250	71
177	72
856	72
964	72
1011	72
1114	72
1128	72
177	73
226	73
537	73
600	73
774	73
949	73
66	74
177	74
367	74
505	74
528	74
530	74
558	74
871	74
916	74
964	74
974	74
1148	74
1202	74
1273	74
1303	74
1347	74
47	75
136	75
141	75
148	75
216	75
309	75
503	75
559	75
593	75
886	75
898	75
940	75
996	75
997	75
999	75
1066	75
1120	75
1293	75
1343	75
1369	75
68	76
74	76
116	76
120	76
148	76
174	76
176	76
177	76
216	76
217	76
219	76
226	76
296	76
333	76
355	76
360	76
387	76
388	76
419	76
424	76
434	76
441	76
446	76
491	76
505	76
513	76
537	76
543	76
545	76
576	76
580	76
600	76
602	76
617	76
643	76
666	76
670	76
681	76
685	76
731	76
748	76
751	76
774	76
891	76
930	76
948	76
949	76
955	76
974	76
1005	76
1011	76
1030	76
1039	76
1066	76
1067	76
1123	76
1148	76
1186	76
1214	76
1221	76
1250	76
1257	76
1269	76
1312	76
1347	76
1357	76
29	77
40	77
60	77
67	77
74	77
85	77
101	77
102	77
116	77
120	77
132	77
149	77
177	77
217	77
226	77
241	77
265	77
294	77
297	77
333	77
366	77
367	77
386	77
419	77
429	77
434	77
446	77
482	77
491	77
498	77
505	77
545	77
562	77
574	77
578	77
581	77
600	77
617	77
631	77
652	77
655	77
657	77
666	77
719	77
722	77
729	77
731	77
736	77
745	77
747	77
748	77
774	77
844	77
850	77
856	77
878	77
891	77
925	77
929	77
930	77
939	77
944	77
948	77
960	77
964	77
974	77
990	77
1011	77
1028	77
1039	77
1067	77
1070	77
1083	77
1106	77
1128	77
1141	77
1148	77
1168	77
1178	77
1184	77
1190	77
1192	77
1197	77
1206	77
1208	77
1214	77
1223	77
1255	77
1312	77
1316	77
1347	77
1377	77
177	78
631	78
67	79
74	79
177	79
399	79
419	79
434	79
570	79
751	79
856	79
944	79
949	79
964	79
143	80
296	80
425	80
631	80
634	80
636	80
639	80
745	80
747	80
890	80
944	80
981	80
1168	80
1250	80
423	81
1	82
14	82
15	82
16	82
17	82
18	82
19	82
28	82
33	82
39	82
40	82
43	82
45	82
47	82
49	82
51	82
52	82
56	82
57	82
63	82
64	82
70	82
75	82
77	82
78	82
79	82
81	82
92	82
93	82
104	82
105	82
110	82
111	82
120	82
121	82
127	82
144	82
147	82
149	82
176	82
179	82
181	82
183	82
184	82
185	82
186	82
187	82
190	82
192	82
196	82
197	82
208	82
211	82
212	82
214	82
215	82
217	82
218	82
219	82
221	82
223	82
227	82
228	82
229	82
233	82
234	82
237	82
242	82
247	82
268	82
269	82
272	82
295	82
296	82
297	82
298	82
305	82
314	82
336	82
338	82
348	82
355	82
359	82
360	82
361	82
362	82
368	82
372	82
378	82
387	82
388	82
413	82
415	82
419	82
420	82
429	82
430	82
433	82
435	82
446	82
454	82
455	82
457	82
458	82
469	82
482	82
483	82
484	82
493	82
495	82
513	82
514	82
518	82
519	82
529	82
530	82
539	82
540	82
542	82
546	82
548	82
549	82
560	82
564	82
568	82
572	82
573	82
574	82
576	82
584	82
586	82
587	82
600	82
602	82
612	82
613	82
618	82
619	82
621	82
628	82
629	82
630	82
631	82
632	82
634	82
635	82
637	82
639	82
643	82
644	82
648	82
650	82
660	82
661	82
663	82
664	82
666	82
668	82
681	82
690	82
691	82
692	82
717	82
732	82
733	82
746	82
747	82
748	82
749	82
750	82
751	82
753	82
754	82
756	82
757	82
758	82
760	82
764	82
775	82
779	82
794	82
795	82
796	82
806	82
814	82
815	82
822	82
829	82
835	82
848	82
849	82
850	82
851	82
854	82
857	82
864	82
865	82
882	82
883	82
884	82
888	82
891	82
892	82
901	82
930	82
931	82
932	82
935	82
936	82
943	82
944	82
946	82
949	82
953	82
961	82
965	82
967	82
968	82
971	82
974	82
975	82
979	82
981	82
982	82
983	82
1003	82
1007	82
1008	82
1009	82
1013	82
1015	82
1016	82
1025	82
1030	82
1031	82
1032	82
1033	82
1034	82
1035	82
1036	82
1037	82
1050	82
1053	82
1055	82
1058	82
1066	82
1071	82
1076	82
1079	82
1080	82
1081	82
1091	82
1094	82
1098	82
1103	82
1119	82
1128	82
1130	82
1131	82
1133	82
1149	82
1152	82
1153	82
1170	82
1178	82
1179	82
1189	82
1195	82
1197	82
1198	82
1200	82
1226	82
1227	82
1239	82
1242	82
1243	82
1250	82
1251	82
1260	82
1269	82
1297	82
1300	82
1311	82
1315	82
1317	82
1318	82
1323	82
1325	82
1326	82
1329	82
1331	82
1334	82
1337	82
1346	82
1348	82
1350	82
1355	82
1371	82
1381	82
1382	82
149	83
177	83
369	83
545	83
628	83
631	83
634	83
801	83
1039	83
1066	83
1083	83
1196	83
120	84
305	84
441	84
513	84
537	84
580	84
648	84
878	84
1223	84
446	85
656	85
1223	85
29	86
40	86
56	86
58	86
87	86
116	86
120	86
216	86
226	86
329	86
355	86
367	86
388	86
411	86
429	86
434	86
509	86
537	86
545	86
562	86
579	86
588	86
596	86
626	86
647	86
689	86
731	86
770	86
831	86
846	86
850	86
853	86
860	86
900	86
949	86
957	86
964	86
974	86
1039	86
1040	86
1041	86
1059	86
1089	86
1124	86
1148	86
1223	86
1282	86
1302	86
1327	86
14	87
16	87
40	87
45	87
61	87
66	87
67	87
103	87
115	87
148	87
219	87
245	87
267	87
296	87
333	87
372	87
423	87
425	87
434	87
441	87
469	87
482	87
505	87
513	87
520	87
528	87
530	87
545	87
564	87
600	87
618	87
620	87
626	87
628	87
631	87
663	87
666	87
731	87
748	87
751	87
773	87
774	87
801	87
818	87
846	87
850	87
891	87
930	87
949	87
964	87
965	87
1017	87
1031	87
1039	87
1046	87
1050	87
1058	87
1066	87
1083	87
1128	87
1155	87
1184	87
1186	87
1200	87
1201	87
1214	87
1250	87
1254	87
1347	87
1349	87
1360	87
1371	87
2	88
7	88
8	88
14	88
16	88
17	88
31	88
49	88
50	88
53	88
56	88
57	88
61	88
67	88
68	88
78	88
80	88
103	88
116	88
138	88
140	88
177	88
184	88
185	88
190	88
192	88
194	88
211	88
226	88
227	88
229	88
232	88
234	88
237	88
245	88
254	88
309	88
313	88
360	88
362	88
378	88
415	88
419	88
422	88
423	88
429	88
434	88
435	88
436	88
482	88
505	88
506	88
507	88
529	88
530	88
533	88
539	88
540	88
542	88
546	88
562	88
581	88
586	88
587	88
591	88
600	88
602	88
618	88
619	88
626	88
631	88
638	88
639	88
648	88
649	88
660	88
661	88
690	88
691	88
692	88
703	88
720	88
731	88
733	88
751	88
753	88
761	88
764	88
801	88
802	88
803	88
815	88
848	88
849	88
850	88
878	88
880	88
939	88
949	88
951	88
952	88
964	88
965	88
1011	88
1013	88
1039	88
1046	88
1101	88
1102	88
1126	88
1130	88
1131	88
1132	88
1133	88
1148	88
1151	88
1152	88
1156	88
1192	88
1193	88
1214	88
1215	88
1216	88
1223	88
1227	88
1242	88
1250	88
1251	88
1257	88
1260	88
1300	88
1312	88
1313	88
1321	88
1326	88
1330	88
1333	88
1347	88
1350	88
1371	88
1373	88
1	89
10	89
11	89
15	89
16	89
17	89
29	89
31	89
32	89
40	89
47	89
49	89
54	89
56	89
57	89
60	89
62	89
67	89
68	89
70	89
74	89
75	89
78	89
80	89
81	89
82	89
83	89
90	89
103	89
108	89
110	89
111	89
112	89
117	89
118	89
119	89
121	89
123	89
124	89
132	89
137	89
149	89
176	89
178	89
180	89
183	89
184	89
187	89
191	89
194	89
197	89
198	89
202	89
213	89
216	89
217	89
218	89
219	89
223	89
227	89
230	89
232	89
233	89
234	89
237	89
242	89
247	89
248	89
250	89
254	89
255	89
272	89
294	89
296	89
297	89
298	89
308	89
309	89
312	89
315	89
329	89
333	89
334	89
340	89
353	89
354	89
355	89
362	89
374	89
378	89
387	89
396	89
397	89
399	89
401	89
405	89
407	89
410	89
412	89
414	89
415	89
423	89
429	89
432	89
433	89
435	89
437	89
438	89
441	89
444	89
452	89
482	89
483	89
485	89
486	89
502	89
506	89
507	89
509	89
510	89
511	89
513	89
518	89
529	89
533	89
537	89
538	89
540	89
541	89
542	89
543	89
545	89
546	89
549	89
552	89
554	89
555	89
564	89
565	89
569	89
571	89
574	89
576	89
580	89
581	89
585	89
589	89
591	89
600	89
602	89
604	89
618	89
628	89
629	89
631	89
634	89
638	89
639	89
648	89
652	89
653	89
660	89
661	89
663	89
665	89
666	89
668	89
671	89
679	89
690	89
692	89
694	89
703	89
704	89
711	89
714	89
715	89
719	89
720	89
726	89
731	89
732	89
733	89
745	89
748	89
753	89
754	89
757	89
758	89
759	89
760	89
762	89
765	89
772	89
773	89
775	89
778	89
782	89
783	89
789	89
794	89
795	89
798	89
815	89
816	89
819	89
821	89
824	89
847	89
848	89
850	89
852	89
856	89
857	89
858	89
866	89
887	89
891	89
892	89
900	89
908	89
913	89
931	89
933	89
945	89
948	89
949	89
951	89
952	89
957	89
959	89
966	89
967	89
974	89
975	89
979	89
980	89
990	89
991	89
1002	89
1005	89
1007	89
1011	89
1013	89
1017	89
1026	89
1044	89
1045	89
1046	89
1055	89
1058	89
1063	89
1067	89
1069	89
1079	89
1080	89
1090	89
1123	89
1125	89
1127	89
1129	89
1130	89
1132	89
1144	89
1149	89
1151	89
1152	89
1154	89
1156	89
1164	89
1169	89
1171	89
1182	89
1186	89
1188	89
1192	89
1193	89
1197	89
1208	89
1214	89
1222	89
1224	89
1226	89
1234	89
1238	89
1239	89
1245	89
1250	89
1260	89
1284	89
1300	89
1308	89
1312	89
1313	89
1314	89
1316	89
1317	89
1320	89
1321	89
1323	89
1324	89
1326	89
1328	89
1331	89
1347	89
1348	89
1349	89
1350	89
1351	89
1354	89
1355	89
1368	89
1374	89
1381	89
11	90
14	90
15	90
47	90
60	90
68	90
70	90
74	90
80	90
109	90
118	90
121	90
174	90
190	90
194	90
210	90
211	90
212	90
216	90
223	90
226	90
227	90
232	90
233	90
234	90
236	90
237	90
240	90
241	90
249	90
252	90
296	90
303	90
387	90
388	90
389	90
400	90
401	90
410	90
423	90
441	90
447	90
486	90
492	90
501	90
507	90
542	90
545	90
549	90
550	90
564	90
576	90
581	90
583	90
584	90
586	90
600	90
602	90
607	90
622	90
690	90
709	90
710	90
733	90
773	90
774	90
777	90
779	90
780	90
782	90
784	90
788	90
790	90
791	90
796	90
798	90
799	90
815	90
818	90
821	90
830	90
839	90
850	90
877	90
900	90
919	90
924	90
930	90
953	90
977	90
985	90
1001	90
1005	90
1039	90
1059	90
1117	90
1123	90
1128	90
1130	90
1131	90
1132	90
1151	90
1186	90
1199	90
1268	90
1291	90
1294	90
1317	90
1347	90
1348	90
1349	90
1350	90
1352	90
1364	90
74	91
176	91
751	91
944	91
56	92
104	92
120	92
135	92
148	92
177	92
308	92
610	92
751	92
774	92
949	92
1039	92
1195	92
1365	92
441	93
1039	93
1186	93
177	94
27	95
49	95
151	95
177	95
226	95
237	95
245	95
250	95
333	95
347	95
364	95
399	95
434	95
491	95
505	95
533	95
537	95
545	95
574	95
575	95
581	95
602	95
631	95
633	95
648	95
748	95
774	95
783	95
856	95
949	95
980	95
1078	95
1128	95
1210	95
1223	95
1250	95
1379	95
70	96
148	96
189	96
949	96
1030	96
1081	97
978	98
1257	98
1354	98
47	99
67	99
74	99
143	99
148	99
216	99
388	99
403	99
429	99
434	99
469	99
505	99
580	99
631	99
652	99
691	99
751	99
856	99
913	99
974	99
1011	99
1123	99
1128	99
1148	99
1161	99
54	100
69	100
441	100
517	100
579	100
600	100
772	100
850	100
964	100
1039	100
1250	100
49	101
250	101
574	101
633	101
189	102
226	102
387	102
401	102
574	102
576	102
577	102
600	102
602	102
666	102
767	102
850	102
953	102
1148	102
1223	102
1242	102
1347	102
14	103
47	103
75	103
82	103
149	103
216	103
226	103
388	103
491	103
514	103
602	103
619	103
631	103
748	103
850	103
1005	103
1011	103
1046	103
1128	103
1148	103
217	104
645	104
1195	104
216	105
1066	105
174	106
177	106
189	106
537	106
545	106
731	106
1039	106
1059	106
47	107
177	107
226	107
449	107
1039	107
1066	107
40	108
56	108
245	108
329	108
429	108
509	108
545	108
626	108
831	108
1089	108
1282	108
1371	108
241	109
482	109
47	110
216	110
223	110
224	110
226	110
419	110
441	110
442	110
443	110
454	110
491	110
537	110
580	110
594	110
600	110
643	110
854	110
855	110
856	110
948	110
245	111
434	111
491	111
536	111
537	111
580	111
600	111
643	111
751	111
850	111
964	111
1011	111
1030	111
1039	111
1059	111
1128	111
1148	111
16	112
74	112
429	112
602	112
1130	112
1148	112
10	113
22	113
62	113
74	113
79	113
177	113
210	113
226	113
248	113
251	113
253	113
388	113
441	113
505	113
521	113
522	113
581	113
602	113
619	113
668	113
703	113
747	113
751	113
949	113
968	113
1046	113
1128	113
1160	113
1300	113
67	114
505	114
748	114
1257	114
1347	114
49	115
67	115
245	115
305	115
326	115
505	115
514	115
583	115
600	115
602	115
631	115
666	115
731	115
751	115
814	115
846	115
964	115
1039	115
1128	115
1178	115
1223	115
1347	115
600	116
748	116
1066	116
1128	116
47	117
148	117
216	117
628	117
148	118
226	118
307	118
328	118
486	118
537	118
602	118
867	118
914	118
949	118
985	118
1020	118
1030	118
1207	118
1222	118
1354	118
600	119
663	119
949	119
1148	119
1223	119
67	120
68	120
174	120
177	120
537	120
801	120
818	120
1357	120
1358	120
1359	120
7	121
14	121
16	121
40	121
61	121
216	121
266	121
269	121
294	121
434	121
491	121
537	121
582	121
588	121
600	121
631	121
689	121
702	121
704	121
748	121
751	121
846	121
878	121
900	121
949	121
1039	121
1101	121
1186	121
1250	121
1255	121
1257	121
1316	121
11	122
15	122
18	122
22	122
47	122
49	122
74	122
115	122
190	122
194	122
212	122
216	122
226	122
227	122
234	122
360	122
423	122
464	122
482	122
520	122
540	122
584	122
592	122
663	122
670	122
694	122
735	122
751	122
815	122
843	122
846	122
847	122
848	122
850	122
857	122
883	122
939	122
949	122
965	122
979	122
1043	122
1133	122
1144	122
1148	122
1151	122
1223	122
1238	122
1242	122
1316	122
1336	122
1347	122
1348	122
1371	122
49	123
600	123
666	123
1039	123
1223	123
1347	123
174	124
1039	124
177	125
16	126
74	126
103	126
116	126
217	126
226	126
245	126
355	126
434	126
600	126
774	126
856	126
930	126
1011	126
1128	126
1186	126
1250	126
176	127
224	127
442	127
580	127
773	127
1223	127
74	128
226	128
537	128
581	128
600	128
666	128
774	128
964	128
985	128
1039	128
1123	128
1255	128
1354	128
82	129
103	129
116	129
191	129
245	129
294	129
419	129
591	129
626	129
842	129
1046	129
1148	129
61	130
103	130
116	130
245	130
505	130
600	130
626	130
751	130
949	130
226	131
505	131
545	131
574	131
652	131
1011	131
1128	131
1148	131
1223	131
18	132
103	132
177	132
226	132
245	132
491	132
505	132
576	132
581	132
600	132
626	132
747	132
774	132
852	132
975	132
1039	132
1041	132
1126	132
1128	132
1148	132
1354	132
47	133
49	133
54	133
55	133
981	133
1302	133
14	134
116	134
226	134
241	134
269	134
294	134
305	134
388	134
419	134
429	134
505	134
507	134
509	134
542	134
545	134
562	134
600	134
602	134
631	134
721	134
725	134
774	134
795	134
846	134
903	134
944	134
979	134
1194	134
1223	134
1347	134
3	135
56	135
211	135
296	135
441	135
482	135
533	135
545	135
576	135
733	135
951	135
1046	135
1123	135
1255	135
1260	135
1312	135
491	136
545	136
964	136
979	136
1128	136
35	137
72	137
85	137
177	137
299	137
300	137
301	137
321	137
325	137
329	137
346	137
388	137
400	137
406	137
456	137
476	137
477	137
481	137
482	137
489	137
504	137
508	137
509	137
560	137
595	137
617	137
654	137
673	137
742	137
774	137
814	137
823	137
827	137
832	137
850	137
872	137
878	137
883	137
910	137
938	137
948	137
973	137
992	137
1010	137
1011	137
1116	137
1118	137
1223	137
1249	137
1255	137
1288	137
1290	137
1295	137
1298	137
1305	137
1347	137
1362	137
47	138
49	138
67	138
79	138
116	138
132	138
143	138
226	138
296	138
388	138
399	138
482	138
495	138
537	138
549	138
574	138
602	138
631	138
666	138
774	138
846	138
850	138
948	138
964	138
974	138
1011	138
1223	138
1347	138
226	139
388	139
537	139
549	139
602	139
782	139
792	139
782	140
792	140
22	141
40	141
67	141
92	141
241	141
296	141
360	141
399	141
401	141
574	141
666	141
774	141
795	141
875	141
878	141
964	141
990	141
1011	141
1039	141
1079	141
1148	141
1223	141
1344	141
1347	141
1365	141
1371	141
16	142
29	142
56	142
63	142
74	142
87	142
92	142
116	142
120	142
174	142
177	142
210	142
211	142
217	142
226	142
241	142
294	142
399	142
419	142
429	142
434	142
530	142
535	142
548	142
576	142
581	142
648	142
652	142
666	142
731	142
774	142
801	142
850	142
944	142
949	142
964	142
1002	142
1014	142
1030	142
1039	142
1059	142
1066	142
1067	142
1083	142
1133	142
1141	142
1148	142
1223	142
1250	142
1269	142
1347	142
49	143
149	143
176	143
177	143
189	143
491	143
537	143
574	143
602	143
751	143
949	143
1039	143
1083	143
1349	143
1350	143
29	144
30	144
47	144
49	144
56	144
74	144
87	144
88	144
97	144
116	144
120	144
129	144
133	144
148	144
219	144
226	144
241	144
244	144
267	144
297	144
309	144
312	144
333	144
334	144
388	144
419	144
434	144
482	144
485	144
494	144
500	144
505	144
513	144
520	144
528	144
530	144
537	144
564	144
574	144
581	144
618	144
629	144
631	144
643	144
645	144
666	144
690	144
694	144
748	144
774	144
837	144
850	144
851	144
856	144
878	144
879	144
883	144
899	144
909	144
911	144
930	144
939	144
941	144
944	144
951	144
957	144
964	144
974	144
979	144
981	144
995	144
1002	144
1003	144
1005	144
1007	144
1022	144
1031	144
1046	144
1058	144
1066	144
1079	144
1094	144
1098	144
1123	144
1126	144
1152	144
1186	144
1257	144
1312	144
1345	144
1365	144
1367	144
68	145
177	145
602	145
1128	145
344	146
368	146
453	146
648	146
981	146
993	146
1115	146
14	147
16	147
49	147
67	147
75	147
77	147
81	147
190	147
209	147
210	147
234	147
245	147
271	147
297	147
434	147
482	147
513	147
530	147
533	147
539	147
545	147
600	147
631	147
691	147
692	147
703	147
733	147
753	147
774	147
846	147
850	147
944	147
948	147
964	147
967	147
975	147
976	147
979	147
1031	147
1039	147
1083	147
1084	147
1101	147
1102	147
1128	147
1130	147
1152	147
1168	147
1186	147
1219	147
1220	147
1223	147
1250	147
1257	147
1260	147
1273	147
1347	147
226	148
545	148
772	148
774	148
223	149
751	149
1222	149
1354	149
16	150
40	150
182	150
217	150
402	150
432	150
434	150
653	150
691	150
944	150
1017	150
1083	150
1089	150
1132	150
1151	150
177	151
226	151
245	151
305	151
419	151
434	151
469	151
600	151
666	151
810	151
913	151
964	151
1148	151
297	152
399	152
401	152
581	152
120	153
333	153
402	153
513	153
570	153
618	153
850	153
864	153
878	153
986	153
1039	153
11	154
16	154
18	154
67	154
68	154
74	154
77	154
78	154
79	154
80	154
81	154
82	154
116	154
117	154
121	154
177	154
179	154
180	154
182	154
194	154
208	154
210	154
212	154
217	154
218	154
226	154
229	154
233	154
241	154
242	154
245	154
255	154
315	154
360	154
362	154
378	154
388	154
410	154
429	154
432	154
433	154
435	154
438	154
482	154
513	154
514	154
516	154
539	154
540	154
542	154
545	154
574	154
584	154
587	154
589	154
591	154
600	154
602	154
690	154
703	154
720	154
731	154
732	154
733	154
756	154
757	154
760	154
763	154
774	154
782	154
783	154
787	154
795	154
798	154
856	154
858	154
930	154
932	154
951	154
952	154
964	154
965	154
968	154
1045	154
1046	154
1079	154
1130	154
1133	154
1144	154
1148	154
1152	154
1223	154
1226	154
1236	154
1238	154
1242	154
1250	154
1251	154
1317	154
1321	154
1330	154
1333	154
1336	154
1347	154
1348	154
1349	154
1350	154
213	155
227	155
399	155
602	155
1128	155
1148	155
40	156
177	156
388	156
731	156
1059	156
40	157
226	157
785	157
116	158
177	158
226	158
245	158
545	158
600	158
1021	158
1133	158
1148	158
1213	158
1223	158
29	159
67	159
87	159
110	159
116	159
120	159
174	159
226	159
241	159
260	159
264	159
294	159
400	159
401	159
402	159
419	159
434	159
446	159
449	159
466	159
482	159
491	159
505	159
518	159
530	159
570	159
600	159
618	159
652	159
663	159
666	159
731	159
767	159
774	159
850	159
944	159
957	159
964	159
974	159
1011	159
1031	159
1039	159
1108	159
1128	159
1148	159
1186	159
1223	159
1257	159
1312	159
1347	159
8	160
177	160
226	160
247	160
602	160
8	161
10	161
11	161
14	161
15	161
16	161
17	161
18	161
47	161
49	161
54	161
56	161
57	161
60	161
63	161
65	161
68	161
74	161
75	161
77	161
78	161
79	161
80	161
81	161
82	161
102	161
103	161
117	161
118	161
120	161
142	161
143	161
144	161
147	161
150	161
179	161
181	161
182	161
183	161
185	161
186	161
190	161
191	161
194	161
203	161
208	161
216	161
217	161
218	161
229	161
231	161
234	161
238	161
241	161
247	161
250	161
254	161
255	161
272	161
294	161
296	161
298	161
309	161
315	161
334	161
335	161
340	161
353	161
355	161
369	161
378	161
386	161
388	161
410	161
414	161
419	161
421	161
422	161
423	161
429	161
432	161
433	161
434	161
436	161
438	161
441	161
442	161
464	161
485	161
492	161
505	161
506	161
507	161
513	161
514	161
519	161
537	161
539	161
542	161
545	161
550	161
566	161
568	161
574	161
576	161
580	161
581	161
584	161
587	161
589	161
591	161
600	161
602	161
606	161
618	161
619	161
628	161
631	161
634	161
643	161
648	161
650	161
660	161
661	161
663	161
664	161
666	161
668	161
682	161
703	161
720	161
731	161
745	161
747	161
748	161
751	161
756	161
757	161
759	161
760	161
761	161
762	161
763	161
765	161
773	161
774	161
775	161
778	161
783	161
792	161
794	161
801	161
803	161
813	161
815	161
821	161
848	161
849	161
850	161
852	161
861	161
862	161
883	161
891	161
930	161
931	161
932	161
944	161
945	161
948	161
966	161
967	161
968	161
974	161
975	161
976	161
980	161
981	161
990	161
991	161
1002	161
1003	161
1007	161
1009	161
1011	161
1013	161
1017	161
1030	161
1031	161
1059	161
1067	161
1123	161
1128	161
1129	161
1131	161
1132	161
1133	161
1135	161
1144	161
1148	161
1151	161
1152	161
1153	161
1156	161
1164	161
1168	161
1186	161
1192	161
1193	161
1213	161
1214	161
1218	161
1222	161
1223	161
1224	161
1226	161
1235	161
1238	161
1239	161
1242	161
1245	161
1246	161
1247	161
1250	161
1251	161
1252	161
1257	161
1260	161
1300	161
1301	161
1312	161
1347	161
1348	161
1349	161
1350	161
1351	161
1357	161
1362	161
189	162
226	162
549	162
628	162
774	162
1031	162
1128	162
49	163
94	163
333	163
748	163
774	163
1005	163
775	164
4	165
8	165
11	165
16	165
17	165
26	165
29	165
38	165
49	165
59	165
60	165
70	165
73	165
87	165
93	165
98	165
99	165
107	165
125	165
146	165
148	165
149	165
174	165
176	165
189	165
190	165
194	165
208	165
210	165
211	165
216	165
217	165
232	165
241	165
247	165
255	165
267	165
297	165
312	165
322	165
323	165
326	165
339	165
353	165
360	165
365	165
368	165
369	165
372	165
387	165
388	165
404	165
419	165
423	165
439	165
448	165
464	165
472	165
478	165
482	165
486	165
491	165
513	165
527	165
528	165
530	165
536	165
537	165
572	165
574	165
576	165
577	165
578	165
579	165
591	165
602	165
605	165
617	165
619	165
625	165
643	165
652	165
655	165
663	165
666	165
668	165
687	165
689	165
691	165
718	165
724	165
727	165
728	165
731	165
747	165
748	165
767	165
773	165
801	165
812	165
843	165
846	165
850	165
856	165
864	165
876	165
878	165
889	165
907	165
922	165
949	165
951	165
954	165
956	165
957	165
964	165
969	165
974	165
978	165
985	165
988	165
998	165
1002	165
1003	165
1005	165
1011	165
1017	165
1029	165
1030	165
1039	165
1054	165
1057	165
1060	165
1066	165
1074	165
1083	165
1084	165
1101	165
1127	165
1141	165
1148	165
1151	165
1183	165
1197	165
1206	165
1208	165
1222	165
1223	165
1233	165
1255	165
1257	165
1274	165
1276	165
1299	165
1317	165
1354	165
1365	165
1366	165
67	166
116	166
143	166
177	166
189	166
245	166
247	166
537	166
545	166
600	166
751	166
772	166
794	166
1030	166
1128	166
89	167
148	167
177	167
216	167
219	167
245	167
294	167
371	167
388	167
491	167
505	167
545	167
564	167
600	167
602	167
648	167
668	167
731	167
745	167
949	167
964	167
965	167
1005	167
1011	167
1063	167
1148	167
1250	167
1312	167
1354	167
12	168
29	168
34	168
135	168
189	168
227	168
388	168
491	168
505	168
600	168
602	168
623	168
629	168
731	168
738	168
748	168
751	168
835	168
850	168
878	168
880	168
893	168
1017	168
1110	168
1128	168
1148	168
1257	168
1305	168
40	169
74	169
92	169
103	169
116	169
177	169
241	169
491	169
505	169
562	169
588	169
610	169
626	169
691	169
751	169
846	169
964	169
979	169
1003	169
1011	169
1039	169
1141	169
1148	169
1186	169
1250	169
1257	169
1345	169
47	170
226	170
628	170
1216	171
1241	171
11	172
14	172
15	172
16	172
17	172
29	172
45	172
60	172
63	172
65	172
74	172
75	172
77	172
78	172
79	172
80	172
81	172
82	172
103	172
116	172
143	172
147	172
148	172
174	172
180	172
181	172
184	172
185	172
186	172
187	172
190	172
191	172
197	172
200	172
206	172
209	172
210	172
212	172
216	172
217	172
218	172
226	172
227	172
232	172
233	172
234	172
241	172
242	172
254	172
272	172
305	172
328	172
353	172
374	172
378	172
385	172
387	172
388	172
410	172
419	172
423	172
429	172
432	172
433	172
434	172
435	172
436	172
437	172
441	172
454	172
465	172
482	172
485	172
486	172
492	172
499	172
505	172
506	172
507	172
525	172
530	172
533	172
537	172
540	172
543	172
545	172
549	172
558	172
569	172
576	172
580	172
581	172
584	172
587	172
591	172
600	172
602	172
628	172
629	172
631	172
634	172
636	172
638	172
658	172
666	172
667	172
668	172
669	172
690	172
691	172
703	172
707	172
716	172
720	172
731	172
732	172
733	172
745	172
748	172
751	172
752	172
753	172
756	172
757	172
761	172
763	172
764	172
772	172
774	172
782	172
783	172
795	172
808	172
813	172
818	172
821	172
825	172
838	172
840	172
846	172
847	172
848	172
849	172
850	172
852	172
856	172
878	172
883	172
913	172
930	172
932	172
944	172
949	172
965	172
966	172
967	172
968	172
974	172
975	172
976	172
979	172
980	172
985	172
1001	172
1005	172
1017	172
1027	172
1030	172
1031	172
1039	172
1045	172
1048	172
1052	172
1061	172
1083	172
1094	172
1096	172
1113	172
1121	172
1123	172
1128	172
1129	172
1130	172
1131	172
1132	172
1133	172
1151	172
1152	172
1156	172
1159	172
1174	172
1205	172
1213	172
1222	172
1223	172
1226	172
1231	172
1234	172
1235	172
1238	172
1242	172
1246	172
1250	172
1270	172
1276	172
1278	172
1286	172
1300	172
1310	172
1317	172
1347	172
1348	172
1349	172
1350	172
1353	172
1360	172
1363	172
1371	172
441	173
629	173
751	173
949	173
1039	173
226	174
537	174
545	174
602	174
774	174
217	175
482	175
689	175
726	175
878	175
930	175
979	175
1257	175
1341	175
16	176
177	176
226	176
227	176
234	176
296	176
388	176
434	176
441	176
537	176
545	176
564	176
600	176
602	176
629	176
751	176
915	176
930	176
964	176
965	176
1114	176
1129	176
1135	176
1148	176
1151	176
1223	176
1232	176
1244	176
1347	176
1349	176
1364	176
18	177
120	177
185	177
591	177
944	177
49	178
74	178
116	178
123	178
174	178
176	178
177	178
216	178
223	178
226	178
245	178
388	178
400	178
403	178
434	178
491	178
513	178
537	178
581	178
600	178
751	178
767	178
774	178
846	178
949	178
964	178
979	178
1039	178
1059	178
1128	178
1148	178
1222	178
1223	178
1257	178
1347	178
116	179
600	179
748	179
1039	179
1128	179
40	180
147	180
148	180
216	180
369	180
462	180
465	180
572	180
885	180
900	180
948	180
1148	180
1278	180
751	181
47	182
116	182
148	182
216	182
223	182
224	182
225	182
226	182
245	182
320	182
333	182
369	182
372	182
383	182
388	182
423	182
498	182
570	182
571	182
572	182
580	182
663	182
691	182
751	182
772	182
774	182
850	182
1002	182
1123	182
1148	182
1194	182
1255	182
1312	182
1314	182
67	183
68	183
75	183
80	183
120	183
355	183
388	183
434	183
441	183
482	183
487	183
600	183
668	183
1126	183
1141	183
1148	183
1350	183
11	184
16	184
227	184
251	184
514	184
539	184
540	184
541	184
542	184
602	184
619	184
703	184
751	184
857	184
1300	184
1301	184
223	185
388	185
537	185
1005	185
1123	185
14	186
47	186
49	186
56	186
67	186
108	186
118	186
120	186
149	186
174	186
182	186
183	186
208	186
212	186
226	186
241	186
296	186
353	186
355	186
399	186
410	186
419	186
429	186
434	186
441	186
480	186
491	186
513	186
514	186
545	186
564	186
600	186
602	186
604	186
617	186
628	186
666	186
691	186
719	186
748	186
750	186
751	186
774	186
793	186
847	186
856	186
906	186
939	186
949	186
992	186
1002	186
1039	186
1046	186
1083	186
1128	186
1148	186
1186	186
1192	186
1223	186
1238	186
1242	186
1245	186
1255	186
1260	186
63	187
68	187
79	187
182	187
189	187
237	187
245	187
660	187
664	187
666	187
774	187
847	187
975	187
1011	187
1017	187
1130	187
1172	187
1217	187
1238	187
1317	187
666	188
681	188
748	188
1128	188
29	189
40	189
58	189
177	189
223	189
241	189
294	189
388	189
441	189
482	189
486	189
574	189
581	189
602	189
616	189
633	189
774	189
818	189
847	189
848	189
974	189
979	189
981	189
985	189
1046	189
1058	189
1219	189
1223	189
1257	189
1355	189
47	190
148	190
216	190
360	190
388	190
395	190
410	190
450	190
530	190
531	190
534	190
537	190
558	190
576	190
643	190
731	190
774	190
912	190
957	190
1066	190
1067	190
1083	190
1187	190
1324	190
1347	190
40	191
92	191
103	191
116	191
241	191
491	191
505	191
562	191
576	191
577	191
588	191
626	191
691	191
751	191
846	191
952	191
979	191
1011	191
1084	191
1141	191
1148	191
1250	191
1257	191
1332	191
751	192
964	192
1344	192
26	193
110	193
177	193
245	193
255	193
319	193
388	193
410	193
446	193
600	193
617	193
618	193
626	193
751	193
767	193
941	193
1005	193
1046	193
1052	193
1059	193
1126	193
1128	193
1186	193
1223	193
1257	193
1306	193
1	194
11	194
15	194
17	194
29	194
41	194
42	194
47	194
54	194
68	194
74	194
81	194
82	194
104	194
115	194
116	194
120	194
149	194
174	194
184	194
189	194
194	194
203	194
204	194
211	194
220	194
226	194
227	194
234	194
235	194
237	194
239	194
241	194
262	194
272	194
294	194
333	194
334	194
360	194
388	194
400	194
424	194
486	194
495	194
530	194
533	194
545	194
549	194
563	194
564	194
568	194
574	194
577	194
600	194
602	194
608	194
617	194
618	194
628	194
631	194
641	194
652	194
733	194
737	194
751	194
757	194
772	194
777	194
784	194
791	194
794	194
798	194
799	194
801	194
804	194
809	194
821	194
856	194
857	194
878	194
880	194
883	194
895	194
930	194
949	194
967	194
968	194
979	194
1002	194
1003	194
1011	194
1013	194
1031	194
1036	194
1046	194
1063	194
1066	194
1067	194
1075	194
1083	194
1084	194
1104	194
1123	194
1125	194
1141	194
1153	194
1189	194
1192	194
1193	194
1226	194
1250	194
1255	194
1257	194
1312	194
1347	194
1354	194
1364	194
1371	194
1372	194
8	195
70	195
74	195
182	195
216	195
226	195
227	195
230	195
234	195
247	195
434	195
505	195
574	195
581	195
774	195
794	195
798	195
821	195
846	195
941	195
948	195
949	195
1003	195
1039	195
1128	195
347	196
434	196
602	196
745	196
1181	196
1255	196
216	197
1066	197
8	198
15	198
16	198
18	198
26	198
29	198
37	198
47	198
56	198
67	198
68	198
70	198
75	198
77	198
78	198
79	198
80	198
81	198
82	198
85	198
92	198
116	198
118	198
121	198
122	198
123	198
143	198
148	198
149	198
174	198
180	198
181	198
186	198
189	198
190	198
191	198
192	198
193	198
194	198
197	198
209	198
210	198
211	198
212	198
216	198
217	198
218	198
230	198
234	198
237	198
241	198
242	198
252	198
254	198
257	198
262	198
294	198
296	198
311	198
315	198
320	198
355	198
360	198
362	198
369	198
378	198
388	198
399	198
401	198
405	198
419	198
420	198
422	198
423	198
426	198
429	198
432	198
433	198
438	198
441	198
482	198
483	198
498	198
505	198
507	198
513	198
526	198
539	198
541	198
545	198
564	198
574	198
577	198
581	198
583	198
584	198
587	198
617	198
638	198
639	198
648	198
668	198
682	198
691	198
721	198
732	198
733	198
737	198
754	198
755	198
756	198
758	198
761	198
765	198
772	198
801	198
818	198
821	198
850	198
851	198
857	198
883	198
897	198
898	198
923	198
930	198
932	198
944	198
948	198
951	198
952	198
959	198
968	198
974	198
979	198
981	198
1003	198
1005	198
1017	198
1031	198
1046	198
1059	198
1064	198
1066	198
1083	198
1101	198
1102	198
1123	198
1126	198
1130	198
1141	198
1152	198
1154	198
1156	198
1165	198
1197	198
1215	198
1218	198
1223	198
1238	198
1242	198
1245	198
1255	198
1282	198
1321	198
1328	198
1330	198
1332	198
1333	198
1350	198
1371	198
68	199
75	199
209	199
211	199
614	199
774	199
1008	199
226	200
491	200
570	200
846	200
944	200
949	200
47	201
148	201
216	201
628	201
1066	201
74	202
691	202
1122	202
814	203
49	204
177	204
245	204
401	204
513	204
774	204
949	204
964	204
1128	204
29	205
37	205
63	205
74	205
116	205
120	205
127	205
176	205
226	205
241	205
245	205
265	205
294	205
305	205
333	205
344	205
399	205
402	205
434	205
449	205
468	205
469	205
505	205
513	205
528	205
530	205
570	205
574	205
600	205
618	205
652	205
671	205
731	205
774	205
814	205
844	205
846	205
883	205
927	205
949	205
957	205
964	205
972	205
979	205
1031	205
1039	205
1067	205
1083	205
1097	205
1108	205
1178	205
1186	205
1208	205
1347	205
40	206
127	206
468	206
469	206
528	206
574	206
844	206
927	206
957	206
1031	206
1083	206
1097	206
1186	206
1200	206
8	207
17	207
18	207
29	207
40	207
47	207
49	207
55	207
56	207
57	207
67	207
68	207
74	207
78	207
82	207
87	207
89	207
91	207
103	207
116	207
118	207
120	207
127	207
147	207
176	207
182	207
184	207
189	207
191	207
216	207
217	207
219	207
223	207
226	207
241	207
242	207
247	207
249	207
264	207
265	207
267	207
294	207
296	207
324	207
331	207
333	207
334	207
353	207
354	207
355	207
360	207
388	207
399	207
402	207
403	207
419	207
441	207
465	207
482	207
491	207
500	207
505	207
507	207
518	207
520	207
537	207
543	207
545	207
564	207
572	207
577	207
581	207
582	207
591	207
600	207
602	207
645	207
660	207
661	207
666	207
676	207
689	207
690	207
691	207
708	207
712	207
731	207
739	207
745	207
747	207
753	207
767	207
771	207
772	207
783	207
801	207
818	207
821	207
826	207
846	207
850	207
856	207
857	207
868	207
890	207
891	207
896	207
906	207
912	207
920	207
929	207
930	207
934	207
944	207
948	207
949	207
963	207
964	207
968	207
979	207
992	207
1013	207
1017	207
1030	207
1058	207
1059	207
1066	207
1067	207
1072	207
1077	207
1079	207
1080	207
1098	207
1107	207
1123	207
1128	207
1132	207
1136	207
1141	207
1151	207
1162	207
1168	207
1175	207
1186	207
1202	207
1206	207
1208	207
1218	207
1222	207
1245	207
1250	207
1253	207
1302	207
1316	207
1354	207
1355	207
1376	207
328	208
419	208
434	208
537	208
618	208
663	208
767	208
1186	208
47	209
148	209
177	209
216	209
388	209
537	209
643	209
912	209
1066	209
148	210
216	210
424	210
594	210
773	210
1039	210
1066	210
1355	210
9	211
16	211
79	211
80	211
82	211
107	211
182	211
189	211
191	211
194	211
210	211
211	211
218	211
232	211
419	211
437	211
505	211
540	211
547	211
576	211
584	211
602	211
631	211
720	211
750	211
948	211
964	211
1046	211
1129	211
1130	211
1131	211
1132	211
1209	211
1242	211
1245	211
1250	211
1313	211
1317	211
67	212
372	212
434	212
505	212
564	212
580	212
748	212
751	212
930	212
1005	212
1039	212
1123	212
1148	212
1347	212
67	213
92	213
148	213
194	213
210	213
216	213
333	213
399	213
491	213
584	213
610	213
628	213
726	213
801	213
881	213
900	213
944	213
949	213
964	213
1017	213
1066	213
1146	213
1147	213
1148	213
1150	213
1257	213
1278	213
1328	213
1335	213
74	214
177	214
581	214
600	214
1128	214
1214	214
29	215
116	215
401	215
520	215
748	215
828	215
1024	215
1065	215
1079	215
1128	215
1148	215
1223	215
1250	215
1289	215
216	216
1066	216
68	217
388	217
505	217
1223	217
1257	217
37	218
47	218
148	218
216	218
352	218
454	218
628	218
813	218
1066	218
1273	218
1278	218
1357	218
19	219
67	219
104	219
148	219
216	219
241	219
245	219
268	219
388	219
410	219
435	219
537	219
600	219
631	219
652	219
748	219
856	219
941	219
981	219
1066	219
1148	219
1347	219
17	220
210	220
233	220
241	220
242	220
388	220
513	220
539	220
618	220
619	220
661	220
691	220
692	220
703	220
731	220
732	220
944	220
1046	220
1250	220
47	221
148	221
177	221
216	221
226	221
399	221
401	221
403	221
530	221
545	221
913	221
1052	221
1066	221
1133	221
1214	221
1223	221
1347	221
67	222
177	222
216	222
219	222
245	222
296	222
355	222
360	222
372	222
388	222
401	222
491	222
537	222
600	222
631	222
666	222
731	222
773	222
774	222
930	222
948	222
1011	222
1039	222
1083	222
1123	222
1168	222
1195	222
1223	222
1257	222
1347	222
37	223
46	223
111	223
185	223
532	223
537	223
668	223
731	223
745	223
852	223
914	223
975	223
1151	223
1204	223
1223	223
1347	223
114	224
328	224
400	224
1005	224
1257	224
537	225
576	225
846	225
1017	225
1059	225
16	226
40	226
57	226
116	226
148	226
177	226
184	226
216	226
219	226
254	226
355	226
388	226
410	226
434	226
435	226
446	226
482	226
545	226
550	226
553	226
597	226
600	226
602	226
628	226
631	226
666	226
747	226
751	226
774	226
891	226
965	226
1011	226
1046	226
1098	226
1133	226
1135	226
1141	226
1148	226
1164	226
1202	226
1223	226
1225	226
1229	226
1232	226
1238	226
1255	226
1319	226
1339	226
1347	226
1349	226
1350	226
16	227
388	227
429	227
435	227
446	227
545	227
574	227
602	227
666	227
795	227
1011	227
1046	227
1135	227
1214	227
1225	227
1229	227
1232	227
1349	227
1350	227
537	228
545	228
576	228
96	229
332	229
443	229
580	229
882	229
949	229
1021	229
1030	229
1059	229
1107	229
1302	229
1355	229
16	230
49	230
68	230
74	230
89	230
149	230
216	230
217	230
226	230
245	230
329	230
419	230
423	230
429	230
454	230
491	230
505	230
506	230
541	230
545	230
660	230
663	230
748	230
801	230
850	230
949	230
974	230
1046	230
1133	230
1148	230
1192	230
1223	230
1250	230
1296	230
67	231
74	231
434	231
964	231
1075	231
1148	231
15	232
16	232
67	232
68	232
75	232
177	232
180	232
182	232
190	232
218	232
226	232
230	232
245	232
297	232
298	232
423	232
433	232
434	232
437	232
544	232
581	232
751	232
752	232
800	232
967	232
968	232
980	232
1132	232
1238	232
1245	232
1250	232
14	233
17	233
47	233
68	233
182	233
216	233
227	233
234	233
237	233
254	233
419	233
423	233
429	233
436	233
506	233
507	233
540	233
574	233
576	233
584	233
602	233
668	233
748	233
779	233
847	233
848	233
849	233
880	233
904	233
1013	233
1039	233
1043	233
1045	233
1066	233
1075	233
1128	233
1130	233
1131	233
1189	233
1223	233
1240	233
1246	233
1260	233
1317	233
245	234
419	234
434	234
560	234
941	234
1083	234
1128	234
226	235
29	236
31	236
148	236
174	236
177	236
210	236
216	236
231	236
342	236
343	236
355	236
356	236
363	236
441	236
530	236
543	236
545	236
549	236
554	236
731	236
735	236
751	236
768	236
769	236
873	236
941	236
942	236
949	236
1060	236
1133	236
1141	236
1145	236
1278	236
1347	236
387	237
29	238
67	238
70	238
74	238
174	238
219	238
223	238
388	238
434	238
486	238
491	238
537	238
564	238
574	238
580	238
600	238
652	238
748	238
751	238
767	238
850	238
930	238
933	238
948	238
949	238
964	238
1011	238
1030	238
1039	238
1059	238
1123	238
1128	238
1148	238
1223	238
1257	238
1332	238
1354	238
1357	238
8	239
14	239
16	239
29	239
49	239
94	239
107	239
108	239
183	239
187	239
188	239
223	239
226	239
230	239
231	239
234	239
245	239
247	239
255	239
272	239
298	239
305	239
315	239
333	239
360	239
362	239
429	239
441	239
486	239
491	239
505	239
513	239
514	239
537	239
557	239
564	239
574	239
604	239
646	239
648	239
652	239
731	239
745	239
748	239
751	239
772	239
774	239
779	239
783	239
791	239
795	239
804	239
821	239
883	239
953	239
964	239
979	239
980	239
1018	239
1036	239
1039	239
1042	239
1046	239
1047	239
1048	239
1049	239
1051	239
1058	239
1059	239
1066	239
1128	239
1133	239
1148	239
1208	239
1223	239
1238	239
1256	239
1273	239
1039	240
7	241
11	241
15	241
16	241
45	241
49	241
61	241
68	241
70	241
86	241
100	241
103	241
104	241
120	241
134	241
174	241
189	241
227	241
233	241
234	241
241	241
243	241
245	241
255	241
270	241
294	241
345	241
349	241
353	241
410	241
423	241
434	241
441	241
451	241
461	241
492	241
505	241
513	241
520	241
537	241
545	241
550	241
574	241
591	241
600	241
618	241
623	241
626	241
631	241
642	241
659	241
666	241
677	241
678	241
691	241
702	241
713	241
731	241
751	241
774	241
782	241
783	241
787	241
818	241
851	241
856	241
870	241
893	241
921	241
929	241
940	241
944	241
949	241
979	241
987	241
1017	241
1059	241
1092	241
1115	241
1123	241
1129	241
1155	241
1166	241
1173	241
1186	241
1201	241
1242	241
1246	241
1255	241
1257	241
1273	241
1307	241
1309	241
1347	241
1348	241
1349	241
1350	241
1354	241
545	242
634	242
774	242
990	242
1223	242
47	243
628	243
643	243
116	244
245	244
434	244
545	244
574	244
600	244
748	244
774	244
1039	244
1128	244
1148	244
1223	244
1257	244
1347	244
234	245
580	245
773	245
8	246
40	246
63	246
67	246
74	246
116	246
148	246
177	246
216	246
245	246
247	246
360	246
419	246
505	246
513	246
537	246
543	246
545	246
564	246
574	246
600	246
618	246
626	246
631	246
648	246
663	246
666	246
702	246
731	246
744	246
747	246
748	246
751	246
772	246
913	246
949	246
964	246
1000	246
1005	246
1031	246
1066	246
1067	246
1075	246
1114	246
1128	246
1141	246
1181	246
1186	246
1223	246
1316	246
74	247
574	247
600	247
1039	247
1075	247
1250	247
110	248
177	248
226	248
245	248
258	248
490	248
491	248
723	248
747	248
751	248
846	248
964	248
1084	248
1158	248
1186	248
1250	248
49	249
61	249
74	249
177	249
194	249
209	249
210	249
211	249
226	249
388	249
505	249
574	249
580	249
600	249
751	249
850	249
949	249
1039	249
1075	249
1223	249
1347	249
441	250
564	250
1278	250
747	251
14	252
67	252
177	252
245	252
491	252
600	252
747	252
843	252
846	252
1039	252
1059	252
1075	252
1128	252
1186	252
1250	252
1354	252
68	253
210	253
218	253
690	253
816	253
817	253
947	253
1017	253
1046	253
16	254
177	254
223	254
226	254
234	254
245	254
255	254
309	254
434	254
486	254
505	254
537	254
600	254
602	254
1059	254
1128	254
1129	254
1256	254
1273	254
1278	254
40	255
67	255
149	255
177	255
226	255
245	255
347	255
388	255
418	255
419	255
434	255
560	255
600	255
625	255
631	255
774	255
846	255
856	255
869	255
930	255
974	255
1011	255
1039	255
1073	255
1083	255
1128	255
1148	255
1167	255
1184	255
1214	255
1223	255
1277	255
1292	255
1312	255
1347	255
1362	255
747	256
944	256
1148	256
1250	256
14	257
74	257
177	257
226	257
355	257
403	257
600	257
683	257
731	257
747	257
748	257
774	257
949	257
964	257
1039	257
1128	257
1186	257
1222	257
1223	257
1347	257
7	258
209	258
387	258
1215	258
29	259
40	259
59	259
71	259
104	259
108	259
113	259
177	259
219	259
226	259
241	259
296	259
388	259
434	259
465	259
482	259
574	259
610	259
748	259
774	259
801	259
815	259
856	259
881	259
900	259
930	259
948	259
964	259
1003	259
1005	259
1011	259
1031	259
1039	259
1123	259
1128	259
1133	259
1148	259
1213	259
1257	259
1347	259
1364	259
1381	259
537	260
545	260
731	260
75	261
76	261
77	261
78	261
79	261
82	261
148	261
194	261
209	261
210	261
211	261
216	261
226	261
246	261
248	261
257	261
305	261
388	261
491	261
513	261
581	261
602	261
618	261
631	261
731	261
821	261
850	261
931	261
932	261
1039	261
1075	261
1114	261
1128	261
1226	261
1349	261
8	262
10	262
11	262
14	262
16	262
17	262
18	262
47	262
49	262
74	262
77	262
78	262
79	262
80	262
81	262
82	262
116	262
117	262
120	262
121	262
182	262
184	262
191	262
208	262
217	262
218	262
226	262
227	262
231	262
233	262
237	262
241	262
245	262
255	262
297	262
298	262
315	262
378	262
410	262
414	262
429	262
432	262
433	262
434	262
435	262
437	262
438	262
506	262
513	262
514	262
530	262
533	262
539	262
540	262
541	262
542	262
545	262
560	262
565	262
566	262
567	262
569	262
574	262
576	262
581	262
584	262
589	262
591	262
600	262
602	262
618	262
619	262
631	262
660	262
661	262
690	262
703	262
720	262
731	262
732	262
733	262
754	262
756	262
758	262
760	262
762	262
764	262
774	262
782	262
783	262
786	262
791	262
794	262
795	262
798	262
801	262
803	262
856	262
857	262
858	262
878	262
930	262
932	262
951	262
952	262
964	262
965	262
974	262
975	262
976	262
1046	262
1079	262
1122	262
1130	262
1132	262
1133	262
1148	262
1152	262
1156	262
1223	262
1226	262
1227	262
1234	262
1236	262
1238	262
1242	262
1246	262
1251	262
1257	262
1260	262
1300	262
1304	262
1317	262
1321	262
1328	262
1330	262
1332	262
1333	262
1360	262
45	263
63	263
305	263
388	263
537	263
948	263
949	263
16	264
56	264
70	264
74	264
92	264
103	264
116	264
174	264
177	264
226	264
245	264
296	264
347	264
388	264
434	264
505	264
537	264
564	264
582	264
588	264
600	264
719	264
731	264
747	264
774	264
801	264
846	264
913	264
933	264
948	264
1011	264
1031	264
1123	264
1148	264
1171	264
1186	264
1223	264
1250	264
1257	264
1312	264
177	265
491	265
576	265
577	265
979	265
1041	265
446	266
740	266
902	266
971	266
74	267
115	267
177	267
470	267
482	267
530	267
581	267
600	267
774	267
850	267
944	267
964	267
974	267
1030	267
1039	267
1066	267
1123	267
1184	267
1250	267
1273	267
209	268
482	268
1046	268
1257	268
8	269
14	269
15	269
16	269
17	269
18	269
67	269
68	269
74	269
77	269
78	269
79	269
80	269
81	269
82	269
177	269
190	269
217	269
218	269
226	269
227	269
230	269
234	269
237	269
241	269
242	269
254	269
360	269
362	269
415	269
419	269
423	269
429	269
434	269
435	269
436	269
438	269
505	269
506	269
507	269
530	269
533	269
540	269
567	269
581	269
584	269
587	269
591	269
618	269
619	269
666	269
668	269
731	269
733	269
734	269
753	269
756	269
757	269
774	269
782	269
846	269
847	269
848	269
849	269
851	269
930	269
932	269
964	269
966	269
974	269
975	269
976	269
1128	269
1130	269
1131	269
1132	269
1133	269
1135	269
1148	269
1151	269
1152	269
1156	269
1172	269
1227	269
1242	269
1250	269
1257	269
1260	269
1300	269
1321	269
1330	269
1333	269
1347	269
1349	269
1350	269
1371	269
1373	269
7	270
11	270
14	270
18	270
21	270
25	270
29	270
40	270
45	270
47	270
63	270
67	270
68	270
79	270
81	270
82	270
106	270
107	270
116	270
149	270
152	270
153	270
154	270
155	270
156	270
157	270
158	270
159	270
160	270
161	270
162	270
163	270
164	270
165	270
166	270
167	270
168	270
169	270
170	270
171	270
172	270
173	270
174	270
175	270
176	270
177	270
184	270
194	270
195	270
205	270
210	270
212	270
216	270
229	270
233	270
234	270
237	270
245	270
247	270
259	270
263	270
272	270
273	270
274	270
275	270
276	270
277	270
278	270
279	270
280	270
281	270
282	270
283	270
284	270
285	270
286	270
287	270
288	270
289	270
290	270
291	270
292	270
293	270
298	270
308	270
337	270
358	270
360	270
370	270
373	270
375	270
376	270
377	270
379	270
380	270
381	270
382	270
388	270
399	270
401	270
410	270
429	270
434	270
437	270
438	270
449	270
465	270
480	270
491	270
492	270
507	270
509	270
512	270
516	270
530	270
560	270
563	270
574	270
576	270
579	270
580	270
584	270
590	270
600	270
601	270
602	270
606	270
610	270
611	270
615	270
618	270
619	270
628	270
631	270
643	270
651	270
662	270
670	270
695	270
696	270
697	270
698	270
699	270
700	270
701	270
703	270
720	270
721	270
745	270
748	270
751	270
763	270
766	270
774	270
775	270
789	270
792	270
795	270
801	270
803	270
839	270
845	270
850	270
874	270
878	270
883	270
932	270
937	270
944	270
948	270
949	270
950	270
956	270
960	270
965	270
974	270
975	270
984	270
985	270
986	270
989	270
1004	270
1007	270
1011	270
1031	270
1046	270
1082	270
1093	270
1123	270
1128	270
1129	270
1130	270
1131	270
1132	270
1138	270
1139	270
1140	270
1148	270
1163	270
1168	270
1176	270
1181	270
1186	270
1191	270
1197	270
1214	270
1223	270
1227	270
1235	270
1237	270
1240	270
1245	270
1250	270
1251	270
1254	270
1262	270
1263	270
1264	270
1265	270
1266	270
1278	270
1281	270
1285	270
1300	270
1301	270
1322	270
1340	270
1347	270
1354	270
1355	270
1356	270
1361	270
1362	270
1378	270
8	271
11	271
14	271
15	271
17	271
23	271
29	271
30	271
47	271
54	271
56	271
59	271
67	271
74	271
110	271
111	271
116	271
118	271
120	271
121	271
143	271
146	271
147	271
148	271
179	271
180	271
184	271
187	271
190	271
211	271
216	271
219	271
222	271
226	271
227	271
231	271
247	271
255	271
261	271
269	271
315	271
341	271
357	271
360	271
362	271
369	271
372	271
378	271
393	271
394	271
395	271
409	271
420	271
429	271
431	271
441	271
485	271
486	271
488	271
492	271
505	271
513	271
514	271
537	271
539	271
540	271
541	271
542	271
545	271
546	271
549	271
558	271
564	271
565	271
566	271
569	271
574	271
576	271
584	271
586	271
600	271
602	271
631	271
666	271
668	271
703	271
720	271
748	271
758	271
760	271
761	271
763	271
774	271
775	271
776	271
780	271
781	271
783	271
786	271
787	271
789	271
791	271
792	271
794	271
795	271
798	271
821	271
850	271
851	271
856	271
864	271
875	271
890	271
926	271
939	271
946	271
948	271
956	271
990	271
992	271
1005	271
1007	271
1026	271
1043	271
1058	271
1059	271
1061	271
1083	271
1095	271
1106	271
1130	271
1131	271
1132	271
1148	271
1152	271
1186	271
1214	271
1223	271
1226	271
1236	271
1242	271
1246	271
1248	271
1250	271
1251	271
1257	271
1271	271
1272	271
1283	271
1300	271
1330	271
1333	271
1347	271
1354	271
1370	271
6	272
11	272
14	272
26	272
27	272
29	272
47	272
48	272
49	272
57	272
63	272
68	272
75	272
77	272
79	272
80	272
81	272
82	272
83	272
94	272
95	272
96	272
102	272
103	272
104	272
108	272
118	272
121	272
124	272
142	272
147	272
148	272
179	272
180	272
182	272
184	272
187	272
191	272
194	272
197	272
199	272
209	272
211	272
212	272
217	272
218	272
222	272
230	272
233	272
234	272
237	272
242	272
247	272
254	272
255	272
269	272
272	272
295	272
296	272
298	272
333	272
355	272
369	272
397	272
399	272
401	272
410	272
415	272
419	272
423	272
429	272
432	272
433	272
435	272
436	272
437	272
441	272
443	272
470	272
482	272
492	272
502	272
506	272
507	272
509	272
513	272
524	272
537	272
542	272
545	272
550	272
555	272
557	272
562	272
572	272
574	272
576	272
581	272
587	272
588	272
589	272
591	272
600	272
603	272
604	272
605	272
627	272
628	272
631	272
634	272
643	272
648	272
650	272
651	272
652	272
653	272
657	272
660	272
661	272
666	272
668	272
679	272
691	272
692	272
703	272
714	272
731	272
733	272
745	272
747	272
748	272
751	272
757	272
758	272
761	272
763	272
773	272
774	272
789	272
813	272
815	272
818	272
819	272
850	272
856	272
864	272
875	272
878	272
908	272
929	272
930	272
932	272
944	272
948	272
951	272
952	272
965	272
966	272
969	272
976	272
979	272
981	272
985	272
986	272
990	272
1007	272
1009	272
1013	272
1014	272
1022	272
1031	272
1039	272
1066	272
1067	272
1068	272
1083	272
1130	272
1131	272
1132	272
1133	272
1144	272
1148	272
1151	272
1152	272
1156	272
1186	272
1192	272
1197	272
1198	272
1205	272
1206	272
1208	272
1218	272
1230	272
1232	272
1247	272
1250	272
1260	272
1271	272
1300	272
1312	272
1313	272
1317	272
1321	272
1322	272
1323	272
1324	272
1326	272
1329	272
1330	272
1332	272
1333	272
1334	272
1338	272
1347	272
1348	272
1350	272
1355	272
1358	272
1359	272
1368	272
1371	272
216	273
751	273
40	274
92	274
441	274
482	274
491	274
564	274
666	274
850	274
939	274
949	274
964	274
1002	274
1006	274
1039	274
1250	274
751	275
3	276
12	276
44	276
139	276
177	276
219	276
245	276
269	276
302	276
350	276
398	276
403	276
471	276
474	276
505	276
570	276
600	276
623	276
624	276
663	276
672	276
676	276
706	276
748	276
767	276
807	276
836	276
837	276
894	276
905	276
930	276
974	276
1022	276
1023	276
1027	276
1038	276
1039	276
1083	276
1088	276
1093	276
1111	276
1128	276
1148	276
1164	276
1178	276
1211	276
1212	276
1223	276
1267	276
1279	276
1280	276
1342	276
1347	276
211	277
226	277
774	277
97	278
98	278
145	278
233	278
317	278
318	278
388	278
859	278
863	278
975	278
1099	278
1100	278
1109	278
148	279
177	279
216	279
600	279
628	279
748	279
846	279
1011	279
1039	279
1066	279
1128	279
74	280
177	280
600	280
964	280
1000	280
1011	280
1186	280
1257	280
45	281
631	281
802	281
1030	281
1134	281
1172	281
1347	281